3926
3933
3937
3939
3946
3951
3954
3956
3957
3959
3961
3962
3963
3964
3966
3967
3968
3969
3970
3971
3972
3973
3974
3975
3976
3978
3979
3980
3981
3982
3983
3984
3985
3986
3987
3988
3989
3990
3991
3992
3993
3994
3995
3996
3997
3998
4000
4295
4297
4300
4303
4304
4314
4316
4317
4320
4321
4322
4323
4324
4325
4328
4330
4331
4332
4334
4335
4337
4338
4339
4340
4341
4342
4343
4344
4345
4346
4347
4348
4349
4350
4351
4352
4353
4354
4355
4356
4358
4360
4361
4364
4365
4366
4565
4571
4576
4580
4581
4584
4586
4587
4588
4591
4592
4593
4594
4595
4598
4599
4600
4601
4602
4603
4604
4606
4607
4608
4609
4610
4611
4613
4614
4615
4617
4619
4903
4911
4921
4924
4925
4933
4936
4937
4939
4940
4941
4942
4943
4944
4945
4946
4947
4948
4951
4952
4953
4954
4955
4956
4957
4958
4959
4960
4961
4963
4964
4965
4966
4967
4968
4969
4970
4971
4972
4973
4974
4975
4976
4977
4978
4979
4980
4981
4982
4983
4988
4989
4993
5004
5006
5007
5008
5012
5236
5237
5240
5241
5242
5246
5248
5250
5261
5270
5272
5592
5594
5599
5600
5603
5604
5605
5606
5610
5850
5855
5856
5858
5859
5860
5861
5865
5867
5869
5876
5877
5879
5880
5881
5928
13702
13917
13918
13919
13920
13921
13922
13923
13925
13926
13929
13930
13931
13932
13933
13934
13935
13936
13937
13938
13939
13942
13944
13946
13948
13949
13950
13955
13957
13958
13959
13960
14276
14277
14278
14279
14280
14281
14282
14283
14285
14286
14287
14288
14289
14290
14291
14292
14293
14294
14295
14297
14298
14299
14302
14303
14308
14309
14310
14313
14314
14315
14316
14317
14319
14545
14546
14547
14548
14549
14550
14551
14552
14553
14554
14556
14557
14559
14562
14563
14565
14567
14568
14570
14572
14575
14576
14577
14578
14580
14581
14582
14583
14586
14587
14609
14900
14901
14902
14903
14904
14905
14906
14907
14908
14909
14911
14912
14913
14914
14915
14916
14917
14918
14920
14921
14923
14926
14927
14928
14929
14932
14935
14939
14940
14941
14947
14948
14949
14953
14954
14955
14961
14962
14965
14967
14968
14972
14974
14975
14976
14979
14982
14985
15014
15210
15213
15220
15225
15226
15227
15228
15231
15233
15238
15242
15243
15247
15250
15251
15253
15571
15577
15578
15581
15583
15584
15587
15588
15590
15591
15592
15597
15598
15599
15603
15605
15611
15840
15847
15852
15854
15855
15856
15858
15860
15861
15862
15863
15864
15865
15866
15867
15868
15869
15870
15871
15872
15873
15875
15878
15906
15908
15909
15910
15916
23871
23872
23874
23875
23876
23879
23880
23881
23883
23885
23886
23887
23888
23890
23891
23892
23893
23895
23896
23897
23900
23901
23902
23903
23904
23905
23907
23908
23909
23910
24216
24217
24218
24219
24220
24221
24223
24224
24225
24226
24227
24229
24231
24232
24233
24236
24237
24238
24240
24241
24242
24243
24244
24245
24246
24247
24248
24249
24250
24251
24252
24254
24255
24257
24490
24491
24492
24493
24494
24495
24496
24498
24499
24500
24501
24502
24503
24505
24507
24509
24510
24511
24514
24516
24517
24518
24519
24520
24523
24525
24526
24527
24529
24530
24532
24855
24856
24857
24858
24859
24860
24861
24862
24863
24865
24866
24867
24869
24871
24872
24874
24876
24879
24880
24882
24883
24884
24885
24886
24888
24889
24891
24893
24894
24895
24896
24898
24901
24905
24908
24909
24910
24911
24915
24916
24921
24925
24930
24937
25158
25160
25161
25166
25170
25171
25172
25177
25181
25183
25188
25189
25493
25497
25499
25503
25506
25508
25509
25512
25514
25516
25524
25527
25528
25529
25536
25537
25778
25779
25784
25785
25787
25788
25789
25791
25794
25795
25800
25801
25804
25806
25807
25808
25814
25861
25868
33778
33784
33786
33787
33792
33809
33810
33811
33812
33813
33814
33815
33816
33817
33818
33819
33820
33821
33822
33823
33824
33826
33827
33828
33829
33830
33831
33832
33833
33834
33835
33836
33837
33838
33839
33840
33841
33842
33844
33845
33847
33848
33849
33850
34142
34146
34147
34149
34151
34155
34156
34157
34164
34166
34167
34168
34169
34170
34171
34172
34173
34175
34176
34177
34179
34180
34181
34182
34183
34184
34185
34186
34187
34188
34189
34190
34191
34192
34194
34195
34196
34197
34198
34199
34200
34201
34202
34203
34204
34205
34206
34207
34209
34210
34400
34405
34406
34408
34410
34414
34430
34431
34432
34433
34434
34435
34436
34437
34438
34439
34440
34441
34442
34443
34444
34445
34446
34447
34448
34450
34451
34452
34453
34454
34455
34456
34457
34458
34459
34460
34461
34462
34463
34464
34465
34466
34467
34468
34469
34470
34471
34472
34742
34747
34753
34754
34755
34757
34758
34765
34788
34789
34790
34791
34792
34793
34794
34795
34797
34798
34799
34800
34801
34802
34804
34805
34807
34808
34810
34811
34812
34813
34814
34815
34816
34817
34819
34820
34821
34822
34823
34824
34825
34827
34828
34829
34830
34831
34833
34834
34835
34838
34855
34856
34862
34864
34866
34869
34871
34904
35093
35094
35095
35096
35097
35099
35100
35101
35102
35129
35130
35131
35136
35140
35141
35142
35144
35449
35450
35451
35456
35468
35471
35479
35480
35481
35485
35486
35488
35518
35521
35526
35527
35712
35713
35714
35716
35717
35729
35734
35735
35738
35739
35741
35743
35744
35745
35746
35747
35749
35751
35753
35755
35756
35758
35760
35784
35792
35793
35794
35801
